Method,Name,Error,Occurrences,First Seen,Last Seen
POST,/items/:id/reserve [POST],"CatchResponseError('Conflict error: {""error_code"":""IDEMPOTENCY_CONFLICT"",""message"":""Duplicate idempotency key \'u1875429496528-409232454661490a\' used with conflicting reservation parameters.""}')",1,2026-08-23T18:25:25Z,2026-08-23T18:25:25Z
POST,/items/:id/reserve [POST],"CatchResponseError('Conflict error: {""error_code"":""IDEMPOTENCY_CONFLICT"",""message"":""Duplicate idempotency key \'u1875429496528-e7b6503af6ad4e21\' used with conflicting reservation parameters.""}')",1,2026-08-23T18:25:24Z,2026-08-23T18:25:24Z
POST,/items/:id/reserve [POST],"CatchResponseError('Conflict error: {""error_code"":""IDEMPOTENCY_CONFLICT"",""message"":""Duplicate idempotency key \'u1875429497488-2cbf0b1792354480\' used with conflicting reservation parameters.""}')",1,2026-08-23T18:25:32Z,2026-08-23T18:25:32Z
POST,/items/:id/reserve [POST],"CatchResponseError('Conflict error: {""error_code"":""IDEMPOTENCY_CONFLICT"",""message"":""Duplicate idempotency key \'u1875429496528-379e7e84bf084ca0\' used with conflicting reservation parameters.""}')",1,2026-08-23T18:25:28Z,2026-08-23T18:25:28Z
POST,/items/:id/reserve [POST],"CatchResponseError('Conflict error: {""error_code"":""IDEMPOTENCY_CONFLICT"",""message"":""Duplicate idempotency key \'u1875429848208-2321963debeb4bbf\' used with conflicting reservation parameters.""}')",1,2026-08-23T18:25:33Z,2026-08-23T18:25:33Z
POST,/items/:id/reserve [POST],"CatchResponseError('Conflict error: {""error_code"":""IDEMPOTENCY_CONFLICT"",""message"":""Duplicate idempotency key \'u1875429850336-2481d96c00a24f4a\' used with conflicting reservation parameters.""}')",1,2026-08-23T18:25:32Z,2026-08-23T18:25:32Z
POST,/items/:id/reserve [POST],"CatchResponseError('Conflict error: {""error_code"":""IDEMPOTENCY_CONFLICT"",""message"":""Duplicate idempotency key \'u1875428969168-3c2473de6d444489\' used with conflicting reservation parameters.""}')",1,2026-08-23T18:25:22Z,2026-08-23T18:25:22Z
POST,/items/:id/reserve [POST],"CatchResponseError('Conflict error: {""error_code"":""IDEMPOTENCY_CONFLICT"",""message"":""Duplicate idempotency key \'u1875429496528-24a47793d7444857\' used with conflicting reservation parameters.""}')",1,2026-08-23T18:25:26Z,2026-08-23T18:25:26Z
POST,/items/:id/reserve [POST],"CatchResponseError('Conflict error: {""error_code"":""IDEMPOTENCY_CONFLICT"",""message"":""Duplicate idempotency key \'u1875428969168-eca39db3c2154e28\' used with conflicting reservation parameters.""}')",1,2026-08-23T18:25:28Z,2026-08-23T18:25:28Z
POST,/items/:id/reserve [POST],"CatchResponseError('Conflict error: {""error_code"":""IDEMPOTENCY_CONFLICT"",""message"":""Duplicate idempotency key \'u1875428969168-29b4d8e08fe34545\' used with conflicting reservation parameters.""}')",1,2026-08-23T18:25:21Z,2026-08-23T18:25:21Z
POST,/items/:id/reserve [POST],"CatchResponseError('Conflict error: {""error_code"":""IDEMPOTENCY_CONFLICT"",""message"":""Duplicate idempotency key \'u1875429848208-0b1278cabc3443e6\' used with conflicting reservation parameters.""}')",1,2026-08-23T18:25:27Z,2026-08-23T18:25:27Z
POST,/items/:id/reserve [POST],"CatchResponseError('Conflict error: {""error_code"":""IDEMPOTENCY_CONFLICT"",""message"":""Duplicate idempotency key \'u1875429848208-989817bc780c4777\' used with conflicting reservation parameters.""}')",1,2026-08-23T18:25:21Z,2026-08-23T18:25:21Z
POST,/items/:id/reserve [POST],"CatchResponseError('Conflict error: {""error_code"":""IDEMPOTENCY_CONFLICT"",""message"":""Duplicate idempotency key \'u1875429497488-1ddce89ce152439d\' used with conflicting reservation parameters.""}')",1,2026-08-23T18:25:30Z,2026-08-23T18:25:30Z
POST,/items/:id/reserve [POST],"CatchResponseError('Conflict error: {""error_code"":""IDEMPOTENCY_CONFLICT"",""message"":""Duplicate idempotency key \'u1875429496528-7b8a47d2d22f4ed2\' used with conflicting reservation parameters.""}')",1,2026-08-23T18:25:31Z,2026-08-23T18:25:31Z
POST,/items/:id/reserve [POST],"CatchResponseError('Conflict error: {""error_code"":""IDEMPOTENCY_CONFLICT"",""message"":""Duplicate idempotency key \'u1875429850336-38c535e5975b4785\' used with conflicting reservation parameters.""}')",1,2026-08-23T18:25:33Z,2026-08-23T18:25:33Z
POST,/items/:id/reserve [POST],"CatchResponseError('Conflict error: {""error_code"":""IDEMPOTENCY_CONFLICT"",""message"":""Duplicate idempotency key \'u1875428969168-914b47b33839470f\' used with conflicting reservation parameters.""}')",1,2026-08-23T18:25:28Z,2026-08-23T18:25:28Z
POST,/items/:id/reserve [POST],"CatchResponseError('Conflict error: {""error_code"":""IDEMPOTENCY_CONFLICT"",""message"":""Duplicate idempotency key \'u1875429848208-e46495b4fb074d25\' used with conflicting reservation parameters.""}')",1,2026-08-23T18:25:30Z,2026-08-23T18:25:30Z
POST,/items/:id/reserve [POST],"CatchResponseError('Conflict error: {""error_code"":""IDEMPOTENCY_CONFLICT"",""message"":""Duplicate idempotency key \'u1875429848208-54aed1c1559d446b\' used with conflicting reservation parameters.""}')",1,2026-08-23T18:25:27Z,2026-08-23T18:25:27Z
POST,/items/:id/reserve [POST],"CatchResponseError('Conflict error: {""error_code"":""IDEMPOTENCY_CONFLICT"",""message"":""Duplicate idempotency key \'u1875429848208-f7017f32b38c4b96\' used with conflicting reservation parameters.""}')",1,2026-08-23T18:25:30Z,2026-08-23T18:25:30Z
